3 0.1640625 0.31875 0.09375 0.0921875
3 0.58515625 0.38671875 0.06328125 0.05
3 0.7296875 0.15390625 0.05859375 0.0484375
3 0.73203125 0.20546875 0.04453125 0.0421875
3 0.39609375 0.18046875 0.07734375 0.0546875
3 0.940625 0.27734375 0.08671875 0.07109375
1 0.659375 0.075 0.08671875 0.06484375
1 0.8203125 0.2640625 0.11171875 0.0953125
1 0.4125 0.49453125 0.10390625 0.0828125
1 0.55625 0.4984375 0.1109375 0.09453125
1 0.28046875 0.490625 0.09140625 0.0953125
1 0.371875 0.80546875 0.09609375 0.0671875
1 0.74375 0.6484375 0.078125 0.08203125
4 0.67734375 0.275 0.10234375 0.08125
4 0.24453125 0.7390625 0.10859375 0.1125
4 0.4765625 0.7125 0.103125 0.10859375