3 0.41640625 0.0453125 0.07265625 0.05625
3 0.29453125 0.2671875 0.059375 0.07578125
3 0.1359375 0.26796875 0.06171875 0.07265625
3 0.5625 0.46796875 0.059375 0.08359375
3 0.38515625 0.71796875 0.0953125 0.08125
3 0.3078125 0.940625 0.10546875 0.08359375
1 0.121875 0.51328125 0.11015625 0.09296875
1 0.68203125 0.546875 0.13515625 0.125
1 0.63671875 0.684375 0.13203125 0.1265625
1 0.68125 0.83671875 0.12421875 0.1109375
1 0.45390625 0.146875 0.16015625 0.1359375
4 0.65859375 0.196875 0.17265625 0.178125
4 0.37109375 0.3671875 0.115625 0.11328125
4 0.89140625 0.60078125 0.11015625 0.13359375
4 0.8421875 0.859375 0.13203125 0.1828125