3 0.90703125 0.1609375 0.0375 0.02734375
3 0.83203125 0.159375 0.0390625 0.021875
3 0.68359375 0.15078125 0.046875 0.028125
3 0.61796875 0.15390625 0.0421875 0.028125
3 0.45078125 0.1453125 0.04140625 0.02578125
3 0.16328125 0.13671875 0.0390625 0.03125
3 0.2265625 0.1375 0.04296875 0.0296875
3 0.39921875 0.146875 0.0390625 0.0296875
0 0.15390625 0.25390625 0.0703125 0.053125
0 0.24140625 0.25234375 0.0703125 0.046875
0 0.3953125 0.25703125 0.05 0.05078125
0 0.45703125 0.25859375 0.05703125 0.046875
0 0.62421875 0.27109375 0.04765625 0.04609375
0 0.69296875 0.2734375 0.0515625 0.0484375
0 0.84140625 0.27734375 0.06328125 0.0671875
0 0.91640625 0.27109375 0.0671875 0.05859375
2 0.88125 0.37734375 0.05546875 0.0578125
2 0.65625 0.375 0.04296875 0.05234375
2 0.42421875 0.36875 0.0484375 0.05390625
2 0.2015625 0.36015625 0.0546875 0.06328125
0 0.06875 0.50390625 0.0640625 0.0546875
0 0.14609375 0.4984375 0.05546875 0.053125
0 0.28515625 0.50390625 0.059375 0.0609375
0 0.3734375 0.5015625 0.05 0.06171875
0 0.50625 0.5109375 0.05859375 0.05390625
0 0.61171875 0.509375 0.05859375 0.0546875
0 0.75859375 0.51328125 0.0625 0.05234375
4 0.55625 0.76796875 0.109375 0.0953125
4 0.1296875 0.740625 0.09296875 0.078125